service_id,date,exception_type
11967,20190101,1
11967,20190102,1
11967,20190403,1
11967,20190406,1
11967,20190501,1
11967,20180622,1
11967,20180623,1
11967,20180624,1
11967,20181118,1
11967,20181224,1
11967,20181225,1
11967,20181231,1
11966,20190101,2
11966,20190102,2
11966,20190403,2
11966,20190406,2
11966,20190501,2
11966,20180622,2
11966,20180623,2
11966,20180624,2
11966,20181118,2
11966,20181224,2
11966,20181225,2
11966,20181231,2
10132,20190101,1
10132,20190102,1
10132,20190403,1
10132,20190406,1
10132,20190501,1
10132,20180622,1
10132,20180623,1
10132,20180624,1
10132,20181118,1
10132,20181224,1
10132,20181225,1
10132,20181231,1
9234,20190101,2
9234,20190102,2
9234,20190403,2
9234,20190406,2
9234,20190501,2
9234,20180622,2
9234,20180623,2
9234,20180624,2
9234,20181118,2
9234,20181224,2
9234,20181225,2
9234,20181231,2
11805,20190101,1
11805,20190102,1
11805,20190403,1
11805,20190406,1
11805,20190501,1
11805,20180622,1
11805,20180623,1
11805,20180624,1
11805,20181118,1
11805,20181224,1
11805,20181225,1
11805,20181231,1
11806,20190101,1
11806,20190102,1
11806,20190403,1
11806,20190406,1
11806,20190501,1
11806,20180622,1
11806,20180623,1
11806,20180624,1
11806,20181118,1
11806,20181224,1
11806,20181225,1
11806,20181231,1
11818,20190101,2
11818,20190102,2
11818,20190403,2
11818,20190406,2
11818,20190501,2
11818,20180622,2
11818,20180623,2
11818,20180624,2
11818,20181118,2
11818,20181224,2
11818,20181225,2
11818,20181231,2
11820,20190101,2
11820,20190102,2
11820,20190403,2
11820,20190406,2
11820,20190501,2
11820,20180622,2
11820,20180623,2
11820,20180624,2
11820,20181118,2
11820,20181224,2
11820,20181225,2
11820,20181231,2
11825,20190101,1
11825,20190102,1
11825,20190403,1
11825,20190406,1
11825,20190501,1
11825,20180622,1
11825,20180623,1
11825,20180624,1
11825,20181118,1
11825,20181224,1
11825,20181225,1
11825,20181231,1
7662,20190101,2
7662,20190102,2
7662,20190403,2
7662,20190406,2
7662,20190501,2
7662,20180622,2
7662,20180623,2
7662,20180624,2
7662,20181118,2
7662,20181224,2
7662,20181225,2
7662,20181231,2
7729,20190101,1
7729,20190102,1
7729,20190403,1
7729,20190406,1
7729,20190501,1
7729,20180622,1
7729,20180623,1
7729,20180624,1
7729,20181118,1
7729,20181224,1
7729,20181225,1
7729,20181231,1
7726,20190101,2
7726,20190102,2
7726,20190403,2
7726,20190406,2
7726,20190501,2
7726,20180622,2
7726,20180623,2
7726,20180624,2
7726,20181118,2
7726,20181224,2
7726,20181225,2
7726,20181231,2
7727,20190101,2
7727,20190102,2
7727,20190403,2
7727,20190406,2
7727,20190501,2
7727,20180622,2
7727,20180623,2
7727,20180624,2
7727,20181118,2
7727,20181224,2
7727,20181225,2
7727,20181231,2
7663,20190101,2
7663,20190102,2
7663,20190403,2
7663,20190406,2
7663,20190501,2
7663,20180622,2
7663,20180623,2
7663,20180624,2
7663,20181118,2
7663,20181224,2
7663,20181225,2
7663,20181231,2
8096,20190101,1
8096,20190102,1
8096,20190403,1
8096,20190406,1
8096,20190501,1
8096,20180622,1
8096,20180623,1
8096,20180624,1
8096,20181118,1
8096,20181224,1
8096,20181225,1
8096,20181231,1
8088,20190101,2
8088,20190102,2
8088,20190403,2
8088,20190406,2
8088,20190501,2
8088,20180622,2
8088,20180623,2
8088,20180624,2
8088,20181118,2
8088,20181224,2
8088,20181225,2
8088,20181231,2
11423,20190101,1
11423,20190102,1
11423,20190403,1
11423,20190406,1
11423,20190501,1
11423,20180622,1
11423,20180623,1
11423,20180624,1
11423,20181118,1
11423,20181224,1
11423,20181225,1
11423,20181231,1
9248,20190101,2
9248,20190102,2
9248,20190403,2
9248,20190406,2
9248,20190501,2
9248,20180622,2
9248,20180623,2
9248,20180624,2
9248,20181118,2
9248,20181224,2
9248,20181225,2
9248,20181231,2
7678,20190101,1
7678,20190102,1
7678,20190403,1
7678,20190406,1
7678,20190501,1
7678,20180622,1
7678,20180623,1
7678,20180624,1
7678,20181118,1
7678,20181224,1
7678,20181225,1
7678,20181231,1
7664,20190101,2
7664,20190102,2
7664,20190403,2
7664,20190406,2
7664,20190501,2
7664,20180622,2
7664,20180623,2
7664,20180624,2
7664,20181118,2
7664,20181224,2
7664,20181225,2
7664,20181231,2
9744,20190101,2
9744,20190102,2
9744,20190403,2
9744,20190406,2
9744,20190501,2
9744,20180622,2
9744,20180623,2
9744,20180624,2
9744,20181118,2
9744,20181224,2
9744,20181225,2
9744,20181231,2
7519,20190101,1
7519,20190102,1
7519,20190403,1
7519,20190406,1
7519,20190501,1
7519,20180622,1
7519,20180623,1
7519,20180624,1
7519,20181118,1
7519,20181224,1
7519,20181225,1
7519,20181231,1
10661,20190101,2
10661,20190102,2
10661,20190403,2
10661,20190406,2
10661,20190501,2
10661,20180622,2
10661,20180623,2
10661,20180624,2
10661,20181118,2
10661,20181224,2
10661,20181225,2
10661,20181231,2
10662,20190101,2
10662,20190102,2
10662,20190403,2
10662,20190406,2
10662,20190501,2
10662,20180622,2
10662,20180623,2
10662,20180624,2
10662,20181118,2
10662,20181224,2
10662,20181225,2
10662,20181231,2
11900,20190101,1
11900,20190102,1
11900,20190403,1
11900,20190406,1
11900,20190501,1
11900,20180622,1
11900,20180623,1
11900,20180624,1
11900,20181118,1
11900,20181224,1
11900,20181225,1
11900,20181231,1
8089,20190101,2
8089,20190102,2
8089,20190403,2
8089,20190406,2
8089,20190501,2
8089,20180622,2
8089,20180623,2
8089,20180624,2
8089,20181118,2
8089,20181224,2
8089,20181225,2
8089,20181231,2
7705,20190101,1
7705,20190102,1
7705,20190403,1
7705,20190406,1
7705,20190501,1
7705,20180622,1
7705,20180623,1
7705,20180624,1
7705,20181118,1
7705,20181224,1
7705,20181225,1
7705,20181231,1
9924,20190101,2
9924,20190102,2
9924,20190403,2
9924,20190406,2
9924,20190501,2
9924,20180622,2
9924,20180623,2
9924,20180624,2
9924,20181118,2
9924,20181224,2
9924,20181225,2
9924,20181231,2
7526,20190101,1
7526,20190102,1
7526,20190403,1
7526,20190406,1
7526,20190501,1
7526,20180622,1
7526,20180623,1
7526,20180624,1
7526,20181118,1
7526,20181224,1
7526,20181225,1
7526,20181231,1
7109,20190101,1
7109,20190102,1
7109,20190403,1
7109,20190406,1
7109,20190501,1
7109,20180622,1
7109,20180623,1
7109,20180624,1
7109,20181118,1
7109,20181224,1
7109,20181225,1
7109,20181231,1
8084,20190101,1
8084,20190102,1
8084,20190403,1
8084,20190406,1
8084,20190501,1
8084,20180622,1
8084,20180623,1
8084,20180624,1
8084,20181118,1
8084,20181224,1
8084,20181225,1
8084,20181231,1
8072,20190101,2
8072,20190102,2
8072,20190403,2
8072,20190406,2
8072,20190501,2
8072,20180622,2
8072,20180623,2
8072,20180624,2
8072,20181118,2
8072,20181224,2
8072,20181225,2
8072,20181231,2
10133,20190101,1
10133,20190102,1
10133,20190403,1
10133,20190406,1
10133,20190501,1
10133,20180622,1
10133,20180623,1
10133,20180624,1
10133,20181118,1
10133,20181224,1
10133,20181225,1
10133,20181231,1
9235,20190101,2
9235,20190102,2
9235,20190403,2
9235,20190406,2
9235,20190501,2
9235,20180622,2
9235,20180623,2
9235,20180624,2
9235,20181118,2
9235,20181224,2
9235,20181225,2
9235,20181231,2
11801,20190101,1
11801,20190102,1
11801,20190403,1
11801,20190406,1
11801,20190501,1
11801,20180622,1
11801,20180623,1
11801,20180624,1
11801,20181118,1
11801,20181224,1
11801,20181225,1
11801,20181231,1
7689,20190101,2
7689,20190102,2
7689,20190403,2
7689,20190406,2
7689,20190501,2
7689,20180622,2
7689,20180623,2
7689,20180624,2
7689,20181118,2
7689,20181224,2
7689,20181225,2
7689,20181231,2
11266,20190101,1
11266,20190102,1
11266,20190403,1
11266,20190406,1
11266,20190501,1
11266,20180622,1
11266,20180623,1
11266,20180624,1
11266,20181118,1
11266,20181224,1
11266,20181225,1
11266,20181231,1
11265,20190101,2
11265,20190102,2
11265,20190403,2
11265,20190406,2
11265,20190501,2
11265,20180622,2
11265,20180623,2
11265,20180624,2
11265,20181118,2
11265,20181224,2
11265,20181225,2
11265,20181231,2
10659,20190101,1
10659,20190102,1
10659,20190403,1
10659,20190406,1
10659,20190501,1
10659,20180622,1
10659,20180623,1
10659,20180624,1
10659,20181118,1
10659,20181224,1
10659,20181225,1
10659,20181231,1
10657,20190101,2
10657,20190102,2
10657,20190403,2
10657,20190406,2
10657,20190501,2
10657,20180622,2
10657,20180623,2
10657,20180624,2
10657,20181118,2
10657,20181224,2
10657,20181225,2
10657,20181231,2
11819,20190101,2
11819,20190102,2
11819,20190403,2
11819,20190406,2
11819,20190501,2
11819,20180622,2
11819,20180623,2
11819,20180624,2
11819,20181118,2
11819,20181224,2
11819,20181225,2
11819,20181231,2
11807,20190101,1
11807,20190102,1
11807,20190403,1
11807,20190406,1
11807,20190501,1
11807,20180622,1
11807,20180623,1
11807,20180624,1
11807,20181118,1
11807,20181224,1
11807,20181225,1
11807,20181231,1
11808,20190101,1
11808,20190102,1
11808,20190403,1
11808,20190406,1
11808,20190501,1
11808,20180622,1
11808,20180623,1
11808,20180624,1
11808,20181118,1
11808,20181224,1
11808,20181225,1
11808,20181231,1
7835,20190101,2
7835,20190102,2
7835,20190403,2
7835,20190406,2
7835,20190501,2
7835,20180622,2
7835,20180623,2
7835,20180624,2
7835,20181118,2
7835,20181224,2
7835,20181225,2
7835,20181231,2
7836,20190101,1
7836,20190102,1
7836,20190403,1
7836,20190406,1
7836,20190501,1
7836,20180622,1
7836,20180623,1
7836,20180624,1
7836,20181118,1
7836,20181224,1
7836,20181225,1
7836,20181231,1
7681,20190101,1
7681,20190102,1
7681,20190403,1
7681,20190406,1
7681,20190501,1
7681,20180622,1
7681,20180623,1
7681,20180624,1
7681,20181118,1
7681,20181224,1
7681,20181225,1
7681,20181231,1
7668,20190101,2
7668,20190102,2
7668,20190403,2
7668,20190406,2
7668,20190501,2
7668,20180622,2
7668,20180623,2
7668,20180624,2
7668,20181118,2
7668,20181224,2
7668,20181225,2
7668,20181231,2
7682,20190101,1
7682,20190102,1
7682,20190403,1
7682,20190406,1
7682,20190501,1
7682,20180622,1
7682,20180623,1
7682,20180624,1
7682,20181118,1
7682,20181224,1
7682,20181225,1
7682,20181231,1
7669,20190101,2
7669,20190102,2
7669,20190403,2
7669,20190406,2
7669,20190501,2
7669,20180622,2
7669,20180623,2
7669,20180624,2
7669,20181118,2
7669,20181224,2
7669,20181225,2
7669,20181231,2
10663,20190101,2
10663,20190102,2
10663,20190403,2
10663,20190406,2
10663,20190501,2
10663,20180622,2
10663,20180623,2
10663,20180624,2
10663,20181118,2
10663,20181224,2
10663,20181225,2
10663,20181231,2
7889,20190101,1
7889,20190102,1
7889,20190403,1
7889,20190406,1
7889,20190501,1
7889,20180622,1
7889,20180623,1
7889,20180624,1
7889,20181118,1
7889,20181224,1
7889,20181225,1
7889,20181231,1
7890,20190101,1
7890,20190102,1
7890,20190403,1
7890,20190406,1
7890,20190501,1
7890,20180622,1
7890,20180623,1
7890,20180624,1
7890,20181118,1
7890,20181224,1
7890,20181225,1
7890,20181231,1
8091,20190101,2
8091,20190102,2
8091,20190403,2
8091,20190406,2
8091,20190501,2
8091,20180622,2
8091,20180623,2
8091,20180624,2
8091,20181118,2
8091,20181224,2
8091,20181225,2
8091,20181231,2
8000,20190101,1
8000,20190102,1
8000,20190403,1
8000,20190406,1
8000,20190501,1
8000,20180622,1
8000,20180623,1
8000,20180624,1
8000,20181118,1
8000,20181224,1
8000,20181225,1
8000,20181231,1
10664,20190101,2
10664,20190102,2
10664,20190403,2
10664,20190406,2
10664,20190501,2
10664,20180622,2
10664,20180623,2
10664,20180624,2
10664,20181118,2
10664,20181224,2
10664,20181225,2
10664,20181231,2
7536,20190101,2
7536,20190102,2
7536,20190403,2
7536,20190406,2
7536,20190501,2
7536,20180622,2
7536,20180623,2
7536,20180624,2
7536,20181118,2
7536,20181224,2
7536,20181225,2
7536,20181231,2
7529,20190101,1
7529,20190102,1
7529,20190403,1
7529,20190406,1
7529,20190501,1
7529,20180622,1
7529,20180623,1
7529,20180624,1
7529,20181118,1
7529,20181224,1
7529,20181225,1
7529,20181231,1
11791,20190101,1
11791,20190102,1
11791,20190403,1
11791,20190406,1
11791,20190501,1
11791,20180622,1
11791,20180623,1
11791,20180624,1
11791,20181118,1
11791,20181224,1
11791,20181225,1
11791,20181231,1
9745,20190101,2
9745,20190102,2
9745,20190403,2
9745,20190406,2
9745,20190501,2
9745,20180622,2
9745,20180623,2
9745,20180624,2
9745,20181118,2
9745,20181224,2
9745,20181225,2
9745,20181231,2
11802,20190101,1
11802,20190102,1
11802,20190403,1
11802,20190406,1
11802,20190501,1
11802,20180622,1
11802,20180623,1
11802,20180624,1
11802,20181118,1
11802,20181224,1
11802,20181225,1
11802,20181231,1
9901,20190101,2
9901,20190102,2
9901,20190403,2
9901,20190406,2
9901,20190501,2
9901,20180622,2
9901,20180623,2
9901,20180624,2
9901,20181118,2
9901,20181224,2
9901,20181225,2
9901,20181231,2
7730,20190101,1
7730,20190102,1
7730,20190403,1
7730,20190406,1
7730,20190501,1
7730,20180622,1
7730,20180623,1
7730,20180624,1
7730,20181118,1
7730,20181224,1
7730,20181225,1
7730,20181231,1
11617,20190101,2
11617,20190102,2
11617,20190403,2
11617,20190406,2
11617,20190501,2
11617,20180622,2
11617,20180623,2
11617,20180624,2
11617,20181118,2
11617,20181224,2
11617,20181225,2
11617,20181231,2
11618,20190101,2
11618,20190102,2
11618,20190403,2
11618,20190406,2
11618,20190501,2
11618,20180622,2
11618,20180623,2
11618,20180624,2
11618,20181118,2
11618,20181224,2
11618,20181225,2
11618,20181231,2
9253,20190101,2
9253,20190102,2
9253,20190403,2
9253,20190406,2
9253,20190501,2
9253,20180622,2
9253,20180623,2
9253,20180624,2
9253,20181118,2
9253,20181224,2
9253,20181225,2
9253,20181231,2
11792,20190101,2
11792,20190102,2
11792,20190403,2
11792,20190406,2
11792,20190501,2
11792,20180622,2
11792,20180623,2
11792,20180624,2
11792,20181118,2
11792,20181224,2
11792,20181225,2
11792,20181231,2
11826,20190101,1
11826,20190102,1
11826,20190403,1
11826,20190406,1
11826,20190501,1
11826,20180622,1
11826,20180623,1
11826,20180624,1
11826,20181118,1
11826,20181224,1
11826,20181225,1
11826,20181231,1
10655,20190101,2
10655,20190102,2
10655,20190403,2
10655,20190406,2
10655,20190501,2
10655,20180622,2
10655,20180623,2
10655,20180624,2
10655,20181118,2
10655,20181224,2
10655,20181225,2
10655,20181231,2
7721,20190101,1
7721,20190102,1
7721,20190403,1
7721,20190406,1
7721,20190501,1
7721,20180622,1
7721,20180623,1
7721,20180624,1
7721,20181118,1
7721,20181224,1
7721,20181225,1
7721,20181231,1
7713,20190101,1
7713,20190102,1
7713,20190403,1
7713,20190406,1
7713,20190501,1
7713,20180622,1
7713,20180623,1
7713,20180624,1
7713,20181118,1
7713,20181224,1
7713,20181225,1
7713,20181231,1
7697,20190101,2
7697,20190102,2
7697,20190403,2
7697,20190406,2
7697,20190501,2
7697,20180622,2
7697,20180623,2
7697,20180624,2
7697,20181118,2
7697,20181224,2
7697,20181225,2
7697,20181231,2
7714,20190101,1
7714,20190102,1
7714,20190403,1
7714,20190406,1
7714,20190501,1
7714,20180622,1
7714,20180623,1
7714,20180624,1
7714,20181118,1
7714,20181224,1
7714,20181225,1
7714,20181231,1
7698,20190101,2
7698,20190102,2
7698,20190403,2
7698,20190406,2
7698,20190501,2
7698,20180622,2
7698,20180623,2
7698,20180624,2
7698,20181118,2
7698,20181224,2
7698,20181225,2
7698,20181231,2
10134,20190101,1
10134,20190102,1
10134,20190403,1
10134,20190406,1
10134,20190501,1
10134,20180622,1
10134,20180623,1
10134,20180624,1
10134,20181118,1
10134,20181224,1
10134,20181225,1
10134,20181231,1
9425,20190101,2
9425,20190102,2
9425,20190403,2
9425,20190406,2
9425,20190501,2
9425,20180622,2
9425,20180623,2
9425,20180624,2
9425,20181118,2
9425,20181224,2
9425,20181225,2
9425,20181231,2
10656,20190101,2
10656,20190102,2
10656,20190403,2
10656,20190406,2
10656,20190501,2
10656,20180622,2
10656,20180623,2
10656,20180624,2
10656,20181118,2
10656,20181224,2
10656,20181225,2
10656,20181231,2
7723,20190101,1
7723,20190102,1
7723,20190403,1
7723,20190406,1
7723,20190501,1
7723,20180622,1
7723,20180623,1
7723,20180624,1
7723,20181118,1
7723,20181224,1
7723,20181225,1
7723,20181231,1
7731,20190101,1
7731,20190102,1
7731,20190403,1
7731,20190406,1
7731,20190501,1
7731,20180622,1
7731,20180623,1
7731,20180624,1
7731,20181118,1
7731,20181224,1
7731,20181225,1
7731,20181231,1
7728,20190101,2
7728,20190102,2
7728,20190403,2
7728,20190406,2
7728,20190501,2
7728,20180622,2
7728,20180623,2
7728,20180624,2
7728,20181118,2
7728,20181224,2
7728,20181225,2
7728,20181231,2
7516,20190101,2
7516,20190102,2
7516,20190403,2
7516,20190406,2
7516,20190501,2
7516,20180622,2
7516,20180623,2
7516,20180624,2
7516,20181118,2
7516,20181224,2
7516,20181225,2
7516,20181231,2
7521,20190101,1
7521,20190102,1
7521,20190403,1
7521,20190406,1
7521,20190501,1
7521,20180622,1
7521,20180623,1
7521,20180624,1
7521,20181118,1
7521,20181224,1
7521,20181225,1
7521,20181231,1
7517,20190101,2
7517,20190102,2
7517,20190403,2
7517,20190406,2
7517,20190501,2
7517,20180622,2
7517,20180623,2
7517,20180624,2
7517,20181118,2
7517,20181224,2
7517,20181225,2
7517,20181231,2
7522,20190101,1
7522,20190102,1
7522,20190403,1
7522,20190406,1
7522,20190501,1
7522,20180622,1
7522,20180623,1
7522,20180624,1
7522,20181118,1
7522,20181224,1
7522,20181225,1
7522,20181231,1
8092,20190101,2
8092,20190102,2
8092,20190403,2
8092,20190406,2
8092,20190501,2
8092,20180622,2
8092,20180623,2
8092,20180624,2
8092,20181118,2
8092,20181224,2
8092,20181225,2
8092,20181231,2
11675,20190101,2
11675,20190102,2
11675,20190403,2
11675,20190406,2
11675,20190501,2
11675,20180622,2
11675,20180623,2
11675,20180624,2
11675,20181118,2
11675,20181224,2
11675,20181225,2
11675,20181231,2
11676,20190101,1
11676,20190102,1
11676,20190403,1
11676,20190406,1
11676,20190501,1
11676,20180622,1
11676,20180623,1
11676,20180624,1
11676,20181118,1
11676,20181224,1
11676,20181225,1
11676,20181231,1
11824,20190101,2
11824,20190102,2
11824,20190403,2
11824,20190406,2
11824,20190501,2
11824,20180622,2
11824,20180623,2
11824,20180624,2
11824,20181118,2
11824,20181224,2
11824,20181225,2
11824,20181231,2
11823,20190101,2
11823,20190102,2
11823,20190403,2
11823,20190406,2
11823,20190501,2
11823,20180622,2
11823,20180623,2
11823,20180624,2
11823,20181118,2
11823,20181224,2
11823,20181225,2
11823,20181231,2
8099,20190101,1
8099,20190102,1
8099,20190403,1
8099,20190406,1
8099,20190501,1
8099,20180622,1
8099,20180623,1
8099,20180624,1
8099,20181118,1
8099,20181224,1
8099,20181225,1
8099,20181231,1
8094,20190101,2
8094,20190102,2
8094,20190403,2
8094,20190406,2
8094,20190501,2
8094,20180622,2
8094,20180623,2
8094,20180624,2
8094,20181118,2
8094,20181224,2
8094,20181225,2
8094,20181231,2
10135,20190101,1
10135,20190102,1
10135,20190403,1
10135,20190406,1
10135,20190501,1
10135,20180622,1
10135,20180623,1
10135,20180624,1
10135,20181118,1
10135,20181224,1
10135,20181225,1
10135,20181231,1
11822,20190101,2
11822,20190102,2
11822,20190403,2
11822,20190406,2
11822,20190501,2
11822,20180622,2
11822,20180623,2
11822,20180624,2
11822,20181118,2
11822,20181224,2
11822,20181225,2
11822,20181231,2
10136,20190101,1
10136,20190102,1
10136,20190403,1
10136,20190406,1
10136,20190501,1
10136,20180622,1
10136,20180623,1
10136,20180624,1
10136,20181118,1
10136,20181224,1
10136,20181225,1
10136,20181231,1
7518,20190101,2
7518,20190102,2
7518,20190403,2
7518,20190406,2
7518,20190501,2
7518,20180622,2
7518,20180623,2
7518,20180624,2
7518,20181118,2
7518,20181224,2
7518,20181225,2
7518,20181231,2
7523,20190101,1
7523,20190102,1
7523,20190403,1
7523,20190406,1
7523,20190501,1
7523,20180622,1
7523,20180623,1
7523,20180624,1
7523,20181118,1
7523,20181224,1
7523,20181225,1
7523,20181231,1
8937,20190101,1
8937,20190102,1
8937,20190403,1
8937,20190406,1
8937,20190501,1
8937,20180622,1
8937,20180623,1
8937,20180624,1
8937,20181118,1
8937,20181224,1
8937,20181225,1
8937,20181231,1
7694,20190101,2
7694,20190102,2
7694,20190403,2
7694,20190406,2
7694,20190501,2
7694,20180622,2
7694,20180623,2
7694,20180624,2
7694,20181118,2
7694,20181224,2
7694,20181225,2
7694,20181231,2
8095,20190101,2
8095,20190102,2
8095,20190403,2
8095,20190406,2
8095,20190501,2
8095,20180622,2
8095,20180623,2
8095,20180624,2
8095,20181118,2
8095,20181224,2
8095,20181225,2
8095,20181231,2
7719,20190101,1
7719,20190102,1
7719,20190403,1
7719,20190406,1
7719,20190501,1
7719,20180622,1
7719,20180623,1
7719,20180624,1
7719,20181118,1
7719,20181224,1
7719,20181225,1
7719,20181231,1
10752,20190101,2
10752,20190102,2
10752,20190403,2
10752,20190406,2
10752,20190501,2
10752,20180622,2
10752,20180623,2
10752,20180624,2
10752,20181118,2
10752,20181224,2
10752,20181225,2
10752,20181231,2
7115,20190101,1
7115,20190102,1
7115,20190403,1
7115,20190406,1
7115,20190501,1
7115,20180622,1
7115,20180623,1
7115,20180624,1
7115,20181118,1
7115,20181224,1
7115,20181225,1
7115,20181231,1
11451,20190101,1
11451,20190102,1
11451,20190403,1
11451,20190406,1
11451,20190501,1
11451,20180622,1
11451,20180623,1
11451,20180624,1
11451,20181118,1
11451,20181224,1
11451,20181225,1
11451,20181231,1
11155,20190101,2
11155,20190102,2
11155,20190403,2
11155,20190406,2
11155,20190501,2
11155,20180622,2
11155,20180623,2
11155,20180624,2
11155,20181118,2
11155,20181224,2
11155,20181225,2
11155,20181231,2
11799,20190101,2
11799,20190102,2
11799,20190403,2
11799,20190406,2
11799,20190501,2
11799,20180622,2
11799,20180623,2
11799,20180624,2
11799,20181118,2
11799,20181224,2
11799,20181225,2
11799,20181231,2
11800,20190101,1
11800,20190102,1
11800,20190403,1
11800,20190406,1
11800,20190501,1
11800,20180622,1
11800,20180623,1
11800,20180624,1
11800,20181118,1
11800,20181224,1
11800,20181225,1
11800,20181231,1
11445,20190101,1
11445,20190102,1
11445,20190403,1
11445,20190406,1
11445,20190501,1
11445,20180622,1
11445,20180623,1
11445,20180624,1
11445,20181118,1
11445,20181224,1
11445,20181225,1
11445,20181231,1
11444,20190101,2
11444,20190102,2
11444,20190403,2
11444,20190406,2
11444,20190501,2
11444,20180622,2
11444,20180623,2
11444,20180624,2
11444,20181118,2
11444,20181224,2
11444,20181225,2
11444,20181231,2
8467,20190101,2
8467,20190102,2
8467,20190403,2
8467,20190406,2
8467,20190501,2
8467,20180622,2
8467,20180623,2
8467,20180624,2
8467,20181118,2
8467,20181224,2
8467,20181225,2
8467,20181231,2
11558,20190101,1
11558,20190102,1
11558,20190403,1
11558,20190406,1
11558,20190501,1
11558,20180622,1
11558,20180623,1
11558,20180624,1
11558,20181118,1
11558,20181224,1
11558,20181225,1
11558,20181231,1
11474,20190101,2
11474,20190102,2
11474,20190403,2
11474,20190406,2
11474,20190501,2
11474,20180622,2
11474,20180623,2
11474,20180624,2
11474,20181118,2
11474,20181224,2
11474,20181225,2
11474,20181231,2
11475,20190101,1
11475,20190102,1
11475,20190403,1
11475,20190406,1
11475,20190501,1
11475,20180622,1
11475,20180623,1
11475,20180624,1
11475,20181118,1
11475,20181224,1
11475,20181225,1
11475,20181231,1
9262,20190101,1
9262,20190102,1
9262,20190403,1
9262,20190406,1
9262,20190501,1
9262,20180622,1
9262,20180623,1
9262,20180624,1
9262,20181118,1
9262,20181224,1
9262,20181225,1
9262,20181231,1
9261,20190101,2
9261,20190102,2
9261,20190403,2
9261,20190406,2
9261,20190501,2
9261,20180622,2
9261,20180623,2
9261,20180624,2
9261,20181118,2
9261,20181224,2
9261,20181225,2
9261,20181231,2
11467,20190101,2
11467,20190102,2
11467,20190403,2
11467,20190406,2
11467,20190501,2
11467,20180622,2
11467,20180623,2
11467,20180624,2
11467,20181118,2
11467,20181224,2
11467,20181225,2
11467,20181231,2
11965,20190101,1
11965,20190102,1
11965,20190403,1
11965,20190406,1
11965,20190501,1
11965,20180622,1
11965,20180623,1
11965,20180624,1
11965,20181118,1
11965,20181224,1
11965,20181225,1
11965,20181231,1
11964,20190101,2
11964,20190102,2
11964,20190403,2
11964,20190406,2
11964,20190501,2
11964,20180622,2
11964,20180623,2
11964,20180624,2
11964,20181118,2
11964,20181224,2
11964,20181225,2
11964,20181231,2
10097,20190101,2
10097,20190102,2
10097,20190403,2
10097,20190406,2
10097,20190501,2
10097,20180622,2
10097,20180623,2
10097,20180624,2
10097,20181118,2
10097,20181224,2
10097,20181225,2
10097,20181231,2
9312,20190101,1
9312,20190102,1
9312,20190403,1
9312,20190406,1
9312,20190501,1
9312,20180622,1
9312,20180623,1
9312,20180624,1
9312,20181118,1
9312,20181224,1
9312,20181225,1
9312,20181231,1
10095,20190101,2
10095,20190102,2
10095,20190403,2
10095,20190406,2
10095,20190501,2
10095,20180622,2
10095,20180623,2
10095,20180624,2
10095,20181118,2
10095,20181224,2
10095,20181225,2
10095,20181231,2
9304,20190101,1
9304,20190102,1
9304,20190403,1
9304,20190406,1
9304,20190501,1
9304,20180622,1
9304,20180623,1
9304,20180624,1
9304,20181118,1
9304,20181224,1
9304,20181225,1
9304,20181231,1
10669,20190101,2
10669,20190102,2
10669,20190403,2
10669,20190406,2
10669,20190501,2
10669,20180622,2
10669,20180623,2
10669,20180624,2
10669,20181118,2
10669,20181224,2
10669,20181225,2
10669,20181231,2
11509,20190101,1
11509,20190102,1
11509,20190403,1
11509,20190406,1
11509,20190501,1
11509,20180622,1
11509,20180623,1
11509,20180624,1
11509,20181118,1
11509,20181224,1
11509,20181225,1
11509,20181231,1
9698,20190101,2
9698,20190102,2
9698,20190403,2
9698,20190406,2
9698,20190501,2
9698,20180622,2
9698,20180623,2
9698,20180624,2
9698,20181118,2
9698,20181224,2
9698,20181225,2
9698,20181231,2
9706,20190101,2
9706,20190102,2
9706,20190403,2
9706,20190406,2
9706,20190501,2
9706,20180622,2
9706,20180623,2
9706,20180624,2
9706,20181118,2
9706,20181224,2
9706,20181225,2
9706,20181231,2
9715,20190101,1
9715,20190102,1
9715,20190403,1
9715,20190406,1
9715,20190501,1
9715,20180622,1
9715,20180623,1
9715,20180624,1
9715,20181118,1
9715,20181224,1
9715,20181225,1
9715,20181231,1
10645,20190101,2
10645,20190102,2
10645,20190403,2
10645,20190406,2
10645,20190501,2
10645,20180622,2
10645,20180623,2
10645,20180624,2
10645,20181118,2
10645,20181224,2
10645,20181225,2
10645,20181231,2
7629,20190101,1
7629,20190102,1
7629,20190403,1
7629,20190406,1
7629,20190501,1
7629,20180622,1
7629,20180623,1
7629,20180624,1
7629,20181118,1
7629,20181224,1
7629,20181225,1
7629,20181231,1
8063,20190101,1
8063,20190102,1
8063,20190403,1
8063,20190406,1
8063,20190501,1
8063,20180622,1
8063,20180623,1
8063,20180624,1
8063,20181118,1
8063,20181224,1
8063,20181225,1
8063,20181231,1
8051,20190101,2
8051,20190102,2
8051,20190403,2
8051,20190406,2
8051,20190501,2
8051,20180622,2
8051,20180623,2
8051,20180624,2
8051,20181118,2
8051,20181224,2
8051,20181225,2
8051,20181231,2
9285,20190101,2
9285,20190102,2
9285,20190403,2
9285,20190406,2
9285,20190501,2
9285,20180622,2
9285,20180623,2
9285,20180624,2
9285,20181118,2
9285,20181224,2
9285,20181225,2
9285,20181231,2
9291,20190101,1
9291,20190102,1
9291,20190403,1
9291,20190406,1
9291,20190501,1
9291,20180622,1
9291,20180623,1
9291,20180624,1
9291,20181118,1
9291,20181224,1
9291,20181225,1
9291,20181231,1
11496,20190101,2
11496,20190102,2
11496,20190403,2
11496,20190406,2
11496,20190501,2
11496,20180622,2
11496,20180623,2
11496,20180624,2
11496,20181118,2
11496,20181224,2
11496,20181225,2
11496,20181231,2
11497,20190101,1
11497,20190102,1
11497,20190403,1
11497,20190406,1
11497,20190501,1
11497,20180622,1
11497,20180623,1
11497,20180624,1
11497,20181118,1
11497,20181224,1
11497,20181225,1
11497,20181231,1
11665,20190101,1
11665,20190102,1
11665,20190403,1
11665,20190406,1
11665,20190501,1
11665,20180622,1
11665,20180623,1
11665,20180624,1
11665,20181118,1
11665,20181224,1
11665,20181225,1
11665,20181231,1
9718,20190101,2
9718,20190102,2
9718,20190403,2
9718,20190406,2
9718,20190501,2
9718,20180622,2
9718,20180623,2
9718,20180624,2
9718,20181118,2
9718,20181224,2
9718,20181225,2
9718,20181231,2
9709,20190101,2
9709,20190102,2
9709,20190403,2
9709,20190406,2
9709,20190501,2
9709,20180622,2
9709,20180623,2
9709,20180624,2
9709,20181118,2
9709,20181224,2
9709,20181225,2
9709,20181231,2
9720,20190101,1
9720,20190102,1
9720,20190403,1
9720,20190406,1
9720,20190501,1
9720,20180622,1
9720,20180623,1
9720,20180624,1
9720,20181118,1
9720,20181224,1
9720,20181225,1
9720,20181231,1
9296,20190101,1
9296,20190102,1
9296,20190403,1
9296,20190406,1
9296,20190501,1
9296,20180622,1
9296,20180623,1
9296,20180624,1
9296,20181118,1
9296,20181224,1
9296,20181225,1
9296,20181231,1
9295,20190101,2
9295,20190102,2
9295,20190403,2
9295,20190406,2
9295,20190501,2
9295,20180622,2
9295,20180623,2
9295,20180624,2
9295,20181118,2
9295,20181224,2
9295,20181225,2
9295,20181231,2
11666,20190101,1
11666,20190102,1
11666,20190403,1
11666,20190406,1
11666,20190501,1
11666,20180622,1
11666,20180623,1
11666,20180624,1
11666,20181118,1
11666,20181224,1
11666,20181225,1
11666,20181231,1
10425,20190101,2
10425,20190102,2
10425,20190403,2
10425,20190406,2
10425,20190501,2
10425,20180622,2
10425,20180623,2
10425,20180624,2
10425,20181118,2
10425,20181224,2
10425,20181225,2
10425,20181231,2
11502,20190101,2
11502,20190102,2
11502,20190403,2
11502,20190406,2
11502,20190501,2
11502,20180622,2
11502,20180623,2
11502,20180624,2
11502,20181118,2
11502,20181224,2
11502,20181225,2
11502,20181231,2
11667,20190101,1
11667,20190102,1
11667,20190403,1
11667,20190406,1
11667,20190501,1
11667,20180622,1
11667,20180623,1
11667,20180624,1
11667,20181118,1
11667,20181224,1
11667,20181225,1
11667,20181231,1
11669,20190101,1
11669,20190102,1
11669,20190403,1
11669,20190406,1
11669,20190501,1
11669,20180622,1
11669,20180623,1
11669,20180624,1
11669,20181118,1
11669,20181224,1
11669,20181225,1
11669,20181231,1
10447,20190101,2
10447,20190102,2
10447,20190403,2
10447,20190406,2
10447,20190501,2
10447,20180622,2
10447,20180623,2
10447,20180624,2
10447,20181118,2
10447,20181224,2
10447,20181225,2
10447,20181231,2
9299,20190101,1
9299,20190102,1
9299,20190403,1
9299,20190406,1
9299,20190501,1
9299,20180622,1
9299,20180623,1
9299,20180624,1
9299,20181118,1
9299,20181224,1
9299,20181225,1
9299,20181231,1
9298,20190101,2
9298,20190102,2
9298,20190403,2
9298,20190406,2
9298,20190501,2
9298,20180622,2
9298,20180623,2
9298,20180624,2
9298,20181118,2
9298,20181224,2
9298,20181225,2
9298,20181231,2
11371,20190101,2
11371,20190102,2
11371,20190403,2
11371,20190406,2
11371,20190501,2
11371,20180622,2
11371,20180623,2
11371,20180624,2
11371,20181118,2
11371,20181224,2
11371,20181225,2
11371,20181231,2
11302,20190101,1
11302,20190102,1
11302,20190403,1
11302,20190406,1
11302,20190501,1
11302,20180622,1
11302,20180623,1
11302,20180624,1
11302,20181118,1
11302,20181224,1
11302,20181225,1
11302,20181231,1
11668,20190101,1
11668,20190102,1
11668,20190403,1
11668,20190406,1
11668,20190501,1
11668,20180622,1
11668,20180623,1
11668,20180624,1
11668,20181118,1
11668,20181224,1
11668,20181225,1
11668,20181231,1
11504,20190101,2
11504,20190102,2
11504,20190403,2
11504,20190406,2
11504,20190501,2
11504,20180622,2
11504,20180623,2
11504,20180624,2
11504,20181118,2
11504,20181224,2
11504,20181225,2
11504,20181231,2
9274,20190101,1
9274,20190102,1
9274,20190403,1
9274,20190406,1
9274,20190501,1
9274,20180622,1
9274,20180623,1
9274,20180624,1
9274,20181118,1
9274,20181224,1
9274,20181225,1
9274,20181231,1
10448,20190101,2
10448,20190102,2
10448,20190403,2
10448,20190406,2
10448,20190501,2
10448,20180622,2
10448,20180623,2
10448,20180624,2
10448,20181118,2
10448,20181224,2
10448,20181225,2
10448,20181231,2
11670,20190101,1
11670,20190102,1
11670,20190403,1
11670,20190406,1
11670,20190501,1
11670,20180622,1
11670,20180623,1
11670,20180624,1
11670,20181118,1
11670,20181224,1
11670,20181225,1
11670,20181231,1
9292,20190101,2
9292,20190102,2
9292,20190403,2
9292,20190406,2
9292,20190501,2
9292,20180622,2
9292,20180623,2
9292,20180624,2
9292,20181118,2
9292,20181224,2
9292,20181225,2
9292,20181231,2
9286,20190101,2
9286,20190102,2
9286,20190403,2
9286,20190406,2
9286,20190501,2
9286,20180622,2
9286,20180623,2
9286,20180624,2
9286,20181118,2
9286,20181224,2
9286,20181225,2
9286,20181231,2
7471,20190101,1
7471,20190102,1
7471,20190403,1
7471,20190406,1
7471,20190501,1
7471,20180622,1
7471,20180623,1
7471,20180624,1
7471,20181118,1
7471,20181224,1
7471,20181225,1
7471,20181231,1
940543,20190101,2
940543,20190102,2
940543,20190403,2
940543,20190406,2
940543,20190501,2
940543,20180622,2
940543,20180623,2
940543,20180624,2
940543,20181118,2
940543,20181224,2
940543,20181225,2
940543,20181231,2
940544,20190101,1
940544,20190102,1
940544,20190403,1
940544,20190406,1
940544,20190501,1
940544,20180622,1
940544,20180623,1
940544,20180624,1
940544,20181118,1
940544,20181224,1
940544,20181225,1
940544,20181231,1
940294,20190101,2
940294,20190102,2
940294,20190403,2
940294,20190406,2
940294,20190501,2
940294,20180622,2
940294,20180623,2
940294,20180624,2
940294,20181118,2
940294,20181224,2
940294,20181225,2
940294,20181231,2
954525,20190101,2
954525,20190102,2
954525,20190403,2
954525,20190406,2
954525,20190501,2
954525,20180622,2
954525,20180623,2
954525,20180624,2
954525,20181118,2
954525,20181224,2
954525,20181225,2
954525,20181231,2
945155,20190101,2
945155,20190102,2
945155,20190403,2
945155,20190406,2
945155,20190501,2
945155,20180622,2
945155,20180623,2
945155,20180624,2
945155,20181118,2
945155,20181224,2
945155,20181225,2
945155,20181231,2
945154,20190101,2
945154,20190102,2
945154,20190403,2
945154,20190406,2
945154,20190501,2
945154,20180622,2
945154,20180623,2
945154,20180624,2
945154,20181118,2
945154,20181224,2
945154,20181225,2
945154,20181231,2
945156,20190101,1
945156,20190102,1
945156,20190403,1
945156,20190406,1
945156,20190501,1
945156,20180622,1
945156,20180623,1
945156,20180624,1
945156,20181118,1
945156,20181224,1
945156,20181225,1
945156,20181231,1
944861,20190101,2
944861,20190102,2
944861,20190403,2
944861,20190406,2
944861,20190501,2
944861,20180622,2
944861,20180623,2
944861,20180624,2
944861,20181118,2
944861,20181224,2
944861,20181225,2
944861,20181231,2
944733,20190101,1
944733,20190102,1
944733,20190403,1
944733,20190406,1
944733,20190501,1
944733,20180622,1
944733,20180623,1
944733,20180624,1
944733,20181118,1
944733,20181224,1
944733,20181225,1
944733,20181231,1
955904,20190101,1
955904,20190102,1
955904,20190403,1
955904,20190406,1
955904,20190501,1
955904,20180622,1
955904,20180623,1
955904,20180624,1
955904,20181118,1
955904,20181224,1
955904,20181225,1
955904,20181231,1
947768,20190101,2
947768,20190102,2
947768,20190403,2
947768,20190406,2
947768,20190501,2
947768,20180622,2
947768,20180623,2
947768,20180624,2
947768,20181118,2
947768,20181224,2
947768,20181225,2
947768,20181231,2
960544,20190101,1
960544,20190102,1
960544,20190403,1
960544,20190406,1
960544,20190501,1
960544,20180622,1
960544,20180623,1
960544,20180624,1
960544,20181118,1
960544,20181224,1
960544,20181225,1
960544,20181231,1
960541,20190101,2
960541,20190102,2
960541,20190403,2
960541,20190406,2
960541,20190501,2
960541,20180622,2
960541,20180623,2
960541,20180624,2
960541,20181118,2
960541,20181224,2
960541,20181225,2
960541,20181231,2
960246,20190101,2
960246,20190102,2
960246,20190403,2
960246,20190406,2
960246,20190501,2
960246,20180622,2
960246,20180623,2
960246,20180624,2
960246,20181118,2
960246,20181224,2
960246,20181225,2
960246,20181231,2
945211,20190101,2
945211,20190102,2
945211,20190403,2
945211,20190406,2
945211,20190501,2
945211,20180622,2
945211,20180623,2
945211,20180624,2
945211,20181118,2
945211,20181224,2
945211,20181225,2
945211,20181231,2
945212,20190101,1
945212,20190102,1
945212,20190403,1
945212,20190406,1
945212,20190501,1
945212,20180622,1
945212,20180623,1
945212,20180624,1
945212,20181118,1
945212,20181224,1
945212,20181225,1
945212,20181231,1
940398,20190101,2
940398,20190102,2
940398,20190403,2
940398,20190406,2
940398,20190501,2
940398,20180622,2
940398,20180623,2
940398,20180624,2
940398,20181118,2
940398,20181224,2
940398,20181225,2
940398,20181231,2
950198,20190101,2
950198,20190102,2
950198,20190403,2
950198,20190406,2
950198,20190501,2
950198,20180622,2
950198,20180623,2
950198,20180624,2
950198,20181118,2
950198,20181224,2
950198,20181225,2
950198,20181231,2
938660,20190101,2
938660,20190102,2
938660,20190403,2
938660,20190406,2
938660,20190501,2
938660,20180622,2
938660,20180623,2
938660,20180624,2
938660,20181118,2
938660,20181224,2
938660,20181225,2
938660,20181231,2
957530,20190101,1
957530,20190102,1
957530,20190403,1
957530,20190406,1
957530,20190501,1
957530,20180622,1
957530,20180623,1
957530,20180624,1
957530,20181118,1
957530,20181224,1
957530,20181225,1
957530,20181231,1
950200,20190101,2
950200,20190102,2
950200,20190403,2
950200,20190406,2
950200,20190501,2
950200,20180622,2
950200,20180623,2
950200,20180624,2
950200,20181118,2
950200,20181224,2
950200,20181225,2
950200,20181231,2
940432,20190101,2
940432,20190102,2
940432,20190403,2
940432,20190406,2
940432,20190501,2
940432,20180622,2
940432,20180623,2
940432,20180624,2
940432,20181118,2
940432,20181224,2
940432,20181225,2
940432,20181231,2
940952,20190101,2
940952,20190102,2
940952,20190403,2
940952,20190406,2
940952,20190501,2
940952,20180622,2
940952,20180623,2
940952,20180624,2
940952,20181118,2
940952,20181224,2
940952,20181225,2
940952,20181231,2
940953,20190101,2
940953,20190102,2
940953,20190403,2
940953,20190406,2
940953,20190501,2
940953,20180622,2
940953,20180623,2
940953,20180624,2
940953,20181118,2
940953,20181224,2
940953,20181225,2
940953,20181231,2
948943,20190101,1
948943,20190102,1
948943,20190403,1
948943,20190406,1
948943,20190501,1
948943,20180622,1
948943,20180623,1
948943,20180624,1
948943,20181118,1
948943,20181224,1
948943,20181225,1
948943,20181231,1
951182,20190101,1
951182,20190102,1
951182,20190403,1
951182,20190406,1
951182,20190501,1
951182,20180622,1
951182,20180623,1
951182,20180624,1
951182,20181118,1
951182,20181224,1
951182,20181225,1
951182,20181231,1
939767,20190101,2
939767,20190102,2
939767,20190403,2
939767,20190406,2
939767,20190501,2
939767,20180622,2
939767,20180623,2
939767,20180624,2
939767,20181118,2
939767,20181224,2
939767,20181225,2
939767,20181231,2
945262,20190101,2
945262,20190102,2
945262,20190403,2
945262,20190406,2
945262,20190501,2
945262,20180622,2
945262,20180623,2
945262,20180624,2
945262,20181118,2
945262,20181224,2
945262,20181225,2
945262,20181231,2
960543,20190101,1
960543,20190102,1
960543,20190403,1
960543,20190406,1
960543,20190501,1
960543,20180622,1
960543,20180623,1
960543,20180624,1
960543,20181118,1
960543,20181224,1
960543,20181225,1
960543,20181231,1
960542,20190101,2
960542,20190102,2
960542,20190403,2
960542,20190406,2
960542,20190501,2
960542,20180622,2
960542,20180623,2
960542,20180624,2
960542,20181118,2
960542,20181224,2
960542,20181225,2
960542,20181231,2
960403,20190101,2
960403,20190102,2
960403,20190403,2
960403,20190406,2
960403,20190501,2
960403,20180622,2
960403,20180623,2
960403,20180624,2
960403,20181118,2
960403,20181224,2
960403,20181225,2
960403,20181231,2
960945,20190101,1
960945,20190102,1
960945,20190403,1
960945,20190406,1
960945,20190501,1
960945,20180622,1
960945,20180623,1
960945,20180624,1
960945,20181118,1
960945,20181224,1
960945,20181225,1
960945,20181231,1
960944,20190101,2
960944,20190102,2
960944,20190403,2
960944,20190406,2
960944,20190501,2
960944,20180622,2
960944,20180623,2
960944,20180624,2
960944,20181118,2
960944,20181224,2
960944,20181225,2
960944,20181231,2
960943,20190101,2
960943,20190102,2
960943,20190403,2
960943,20190406,2
960943,20190501,2
960943,20180622,2
960943,20180623,2
960943,20180624,2
960943,20181118,2
960943,20181224,2
960943,20181225,2
960943,20181231,2
960999,20190101,1
960999,20190102,1
960999,20190403,1
960999,20190406,1
960999,20190501,1
960999,20180622,1
960999,20180623,1
960999,20180624,1
960999,20181118,1
960999,20181224,1
960999,20181225,1
960999,20181231,1
960998,20190101,2
960998,20190102,2
960998,20190403,2
960998,20190406,2
960998,20190501,2
960998,20180622,2
960998,20180623,2
960998,20180624,2
960998,20181118,2
960998,20181224,2
960998,20181225,2
960998,20181231,2
961002,20190101,1
961002,20190102,1
961002,20190403,1
961002,20190406,1
961002,20190501,1
961002,20180622,1
961002,20180623,1
961002,20180624,1
961002,20181118,1
961002,20181224,1
961002,20181225,1
961002,20181231,1
961001,20190101,2
961001,20190102,2
961001,20190403,2
961001,20190406,2
961001,20190501,2
961001,20180622,2
961001,20180623,2
961001,20180624,2
961001,20181118,2
961001,20181224,2
961001,20181225,2
961001,20181231,2
961000,20190101,2
961000,20190102,2
961000,20190403,2
961000,20190406,2
961000,20190501,2
961000,20180622,2
961000,20180623,2
961000,20180624,2
961000,20181118,2
961000,20181224,2
961000,20181225,2
961000,20181231,2
961004,20190101,1
961004,20190102,1
961004,20190403,1
961004,20190406,1
961004,20190501,1
961004,20180622,1
961004,20180623,1
961004,20180624,1
961004,20181118,1
961004,20181224,1
961004,20181225,1
961004,20181231,1
961003,20190101,2
961003,20190102,2
961003,20190403,2
961003,20190406,2
961003,20190501,2
961003,20180622,2
961003,20180623,2
961003,20180624,2
961003,20181118,2
961003,20181224,2
961003,20181225,2
961003,20181231,2
961007,20190101,1
961007,20190102,1
961007,20190403,1
961007,20190406,1
961007,20190501,1
961007,20180622,1
961007,20180623,1
961007,20180624,1
961007,20181118,1
961007,20181224,1
961007,20181225,1
961007,20181231,1
961006,20190101,2
961006,20190102,2
961006,20190403,2
961006,20190406,2
961006,20190501,2
961006,20180622,2
961006,20180623,2
961006,20180624,2
961006,20181118,2
961006,20181224,2
961006,20181225,2
961006,20181231,2
961005,20190101,2
961005,20190102,2
961005,20190403,2
961005,20190406,2
961005,20190501,2
961005,20180622,2
961005,20180623,2
961005,20180624,2
961005,20181118,2
961005,20181224,2
961005,20181225,2
961005,20181231,2